{
 "cells": [
  {
   "cell_type": "code",
   "execution_count": 1,
   "id": "19bed09e",
   "metadata": {
    "execution": {
     "iopub.execute_input": "2025-07-26T12:14:49.757407Z",
     "iopub.status.busy": "2025-07-26T12:14:49.756784Z",
     "iopub.status.idle": "2025-07-26T12:14:49.760661Z",
     "shell.execute_reply": "2025-07-26T12:14:49.760129Z"
    },
    "papermill": {
     "duration": 0.009885,
     "end_time": "2025-07-26T12:14:49.761687",
     "exception": false,
     "start_time": "2025-07-26T12:14:49.751802",
     "status": "completed"
    },
    "tags": []
   },
   "outputs": [],
   "source": [
    "# MPEG-G Microbiome Classification Challenge\n",
    "# Can you classify microbiome samples by body site and individual using compressed data?\n",
    "# https://zindi.africa/competitions/mpeg-g-microbiome-classification-challenge\n",
    "\n",
    "# BY 🧬_BYTE\n",
    "# PUBLIC LEADERBOARD 0.004670137\n",
    "# PRIVATE LEADERBOARD ---\n",
    "# RANK 6"
   ]
  },
  {
   "cell_type": "code",
   "execution_count": 2,
   "id": "0a2a32bb",
   "metadata": {
    "execution": {
     "iopub.execute_input": "2025-07-26T12:14:49.768802Z",
     "iopub.status.busy": "2025-07-26T12:14:49.768376Z",
     "iopub.status.idle": "2025-07-26T12:14:49.773222Z",
     "shell.execute_reply": "2025-07-26T12:14:49.772766Z"
    },
    "papermill": {
     "duration": 0.009257,
     "end_time": "2025-07-26T12:14:49.774241",
     "exception": false,
     "start_time": "2025-07-26T12:14:49.764984",
     "status": "completed"
    },
    "tags": []
   },
   "outputs": [],
   "source": [
    "import time\n",
    "start_time = time.time()"
   ]
  },
  {
   "cell_type": "code",
   "execution_count": 3,
   "id": "7a0aa205",
   "metadata": {
    "execution": {
     "iopub.execute_input": "2025-07-26T12:14:49.781034Z",
     "iopub.status.busy": "2025-07-26T12:14:49.780660Z",
     "iopub.status.idle": "2025-07-26T12:14:59.197505Z",
     "shell.execute_reply": "2025-07-26T12:14:59.196454Z"
    },
    "papermill": {
     "duration": 9.422197,
     "end_time": "2025-07-26T12:14:59.199503",
     "exception": false,
     "start_time": "2025-07-26T12:14:49.777306",
     "status": "completed"
    },
    "tags": []
   },
   "outputs": [
    {
     "name": "stdout",
     "output_type": "stream",
     "text": [
      "\u001b[2K   \u001b[90m━━━━━━━━━━━━━━━━━━━━━━━━━━━━━━━━━━━━━━━━\u001b[0m \u001b[32m1.8/1.8 MB\u001b[0m \u001b[31m21.1 MB/s\u001b[0m eta \u001b[36m0:00:00\u001b[0m\r\n",
      "\u001b[2K     \u001b[90m━━━━━━━━━━━━━━━━━━━━━━━━━━━━━━━━━━━━━━━━\u001b[0m \u001b[32m1.6/1.6 MB\u001b[0m \u001b[31m29.2 MB/s\u001b[0m eta \u001b[36m0:00:00\u001b[0m\r\n",
      "\u001b[2K     \u001b[90m━━━━━━━━━━━━━━━━━━━━━━━━━━━━━━━━━━━━━━━━\u001b[0m \u001b[32m8.3/8.3 MB\u001b[0m \u001b[31m138.4 MB/s\u001b[0m eta \u001b[36m0:00:00\u001b[0m\r\n",
      "\u001b[?25h\u001b[31mERROR: Could not find a version that satisfies the requirement xgboost-cu11 (from versions: none)\u001b[0m\u001b[31m\r\n",
      "\u001b[0m\u001b[31mERROR: No matching distribution found for xgboost-cu11\u001b[0m\u001b[31m\r\n",
      "\u001b[0m"
     ]
    }
   ],
   "source": [
    "!pip install -q --upgrade pip\n",
    "!pip install -q cupy-cuda11x cudf-cu11 dask-cudf-cu11 cuml-cu11 xgboost-cu11 \\\n",
    "    pylibraft-cu11 raft-dask-cu11 --extra-index-url=https://pypi.nvidia.com\n",
    "!pip install -q Bio"
   ]
  },
  {
   "cell_type": "code",
   "execution_count": 4,
   "id": "c030d343",
   "metadata": {
    "execution": {
     "iopub.execute_input": "2025-07-26T12:14:59.207838Z",
     "iopub.status.busy": "2025-07-26T12:14:59.207607Z",
     "iopub.status.idle": "2025-07-26T12:15:01.360331Z",
     "shell.execute_reply": "2025-07-26T12:15:01.359575Z"
    },
    "papermill": {
     "duration": 2.158585,
     "end_time": "2025-07-26T12:15:01.361821",
     "exception": false,
     "start_time": "2025-07-26T12:14:59.203236",
     "status": "completed"
    },
    "tags": []
   },
   "outputs": [
    {
     "name": "stdout",
     "output_type": "stream",
     "text": [
      "Collecting scikit-posthocs\r\n",
      "  Downloading scikit_posthocs-0.11.4-py3-none-any.whl.metadata (5.8 kB)\r\n",
      "Requirement already satisfied: numpy in /usr/local/lib/python3.11/dist-packages (from scikit-posthocs) (1.26.4)\r\n",
      "Requirement already satisfied: scipy>=1.9.0 in /usr/local/lib/python3.11/dist-packages (from scikit-posthocs) (1.15.2)\r\n",
      "Requirement already satisfied: statsmodels in /usr/local/lib/python3.11/dist-packages (from scikit-posthocs) (0.14.4)\r\n",
      "Requirement already satisfied: pandas>=0.20.0 in /usr/local/lib/python3.11/dist-packages (from scikit-posthocs) (2.2.3)\r\n",
      "Requirement already satisfied: seaborn in /usr/local/lib/python3.11/dist-packages (from scikit-posthocs) (0.12.2)\r\n",
      "Requirement already satisfied: matplotlib in /usr/local/lib/python3.11/dist-packages (from scikit-posthocs) (3.7.2)\r\n",
      "Requirement already satisfied: python-dateutil>=2.8.2 in /usr/local/lib/python3.11/dist-packages (from pandas>=0.20.0->scikit-posthocs) (2.9.0.post0)\r\n",
      "Requirement already satisfied: pytz>=2020.1 in /usr/local/lib/python3.11/dist-packages (from pandas>=0.20.0->scikit-posthocs) (2025.2)\r\n",
      "Requirement already satisfied: tzdata>=2022.7 in /usr/local/lib/python3.11/dist-packages (from pandas>=0.20.0->scikit-posthocs) (2025.2)\r\n",
      "Requirement already satisfied: mkl_fft in /usr/local/lib/python3.11/dist-packages (from numpy->scikit-posthocs) (1.3.8)\r\n",
      "Requirement already satisfied: mkl_random in /usr/local/lib/python3.11/dist-packages (from numpy->scikit-posthocs) (1.2.4)\r\n",
      "Requirement already satisfied: mkl_umath in /usr/local/lib/python3.11/dist-packages (from numpy->scikit-posthocs) (0.1.1)\r\n",
      "Requirement already satisfied: mkl in /usr/local/lib/python3.11/dist-packages (from numpy->scikit-posthocs) (2025.1.0)\r\n",
      "Requirement already satisfied: tbb4py in /usr/local/lib/python3.11/dist-packages (from numpy->scikit-posthocs) (2022.1.0)\r\n",
      "Requirement already satisfied: mkl-service in /usr/local/lib/python3.11/dist-packages (from numpy->scikit-posthocs) (2.4.1)\r\n",
      "Requirement already satisfied: six>=1.5 in /usr/local/lib/python3.11/dist-packages (from python-dateutil>=2.8.2->pandas>=0.20.0->scikit-posthocs) (1.17.0)\r\n",
      "Requirement already satisfied: contourpy>=1.0.1 in /usr/local/lib/python3.11/dist-packages (from matplotlib->scikit-posthocs) (1.3.1)\r\n",
      "Requirement already satisfied: cycler>=0.10 in /usr/local/lib/python3.11/dist-packages (from matplotlib->scikit-posthocs) (0.12.1)\r\n",
      "Requirement already satisfied: fonttools>=4.22.0 in /usr/local/lib/python3.11/dist-packages (from matplotlib->scikit-posthocs) (4.57.0)\r\n",
      "Requirement already satisfied: kiwisolver>=1.0.1 in /usr/local/lib/python3.11/dist-packages (from matplotlib->scikit-posthocs) (1.4.8)\r\n",
      "Requirement already satisfied: packaging>=20.0 in /usr/local/lib/python3.11/dist-packages (from matplotlib->scikit-posthocs) (25.0)\r\n",
      "Requirement already satisfied: pillow>=6.2.0 in /usr/local/lib/python3.11/dist-packages (from matplotlib->scikit-posthocs) (11.1.0)\r\n",
      "Requirement already satisfied: pyparsing<3.1,>=2.3.1 in /usr/local/lib/python3.11/dist-packages (from matplotlib->scikit-posthocs) (3.0.9)\r\n",
      "Requirement already satisfied: intel-openmp<2026,>=2024 in /usr/local/lib/python3.11/dist-packages (from mkl->numpy->scikit-posthocs) (2024.2.0)\r\n",
      "Requirement already satisfied: tbb==2022.* in /usr/local/lib/python3.11/dist-packages (from mkl->numpy->scikit-posthocs) (2022.1.0)\r\n",
      "Requirement already satisfied: intel-cmplr-lib-ur==2024.2.0 in /usr/local/lib/python3.11/dist-packages (from intel-openmp<2026,>=2024->mkl->numpy->scikit-posthocs) (2024.2.0)\r\n",
      "Requirement already satisfied: tcmlib==1.* in /usr/local/lib/python3.11/dist-packages (from tbb==2022.*->mkl->numpy->scikit-posthocs) (1.3.0)\r\n",
      "Requirement already satisfied: intel-cmplr-lib-rt in /usr/local/lib/python3.11/dist-packages (from mkl_umath->numpy->scikit-posthocs) (2024.2.0)\r\n",
      "Requirement already satisfied: patsy>=0.5.6 in /usr/local/lib/python3.11/dist-packages (from statsmodels->scikit-posthocs) (1.0.1)\r\n",
      "Downloading scikit_posthocs-0.11.4-py3-none-any.whl (33 kB)\r\n",
      "Installing collected packages: scikit-posthocs\r\n",
      "Successfully installed scikit-posthocs-0.11.4\r\n"
     ]
    }
   ],
   "source": [
    "!pip install scikit-posthocs"
   ]
  },
  {
   "cell_type": "code",
   "execution_count": 5,
   "id": "24b6a14c",
   "metadata": {
    "execution": {
     "iopub.execute_input": "2025-07-26T12:15:01.370605Z",
     "iopub.status.busy": "2025-07-26T12:15:01.370367Z",
     "iopub.status.idle": "2025-07-26T12:15:13.937297Z",
     "shell.execute_reply": "2025-07-26T12:15:13.936334Z"
    },
    "papermill": {
     "duration": 12.57345,
     "end_time": "2025-07-26T12:15:13.939336",
     "exception": false,
     "start_time": "2025-07-26T12:15:01.365886",
     "status": "completed"
    },
    "tags": []
   },
   "outputs": [],
   "source": [
    "import os\n",
    "import gc\n",
    "import cupy as cp\n",
    "import cudf\n",
    "import xgboost as xgb\n",
    "import numpy as np\n",
    "from pathlib import Path\n",
    "from cuml import LabelEncoder\n",
    "from sklearn.model_selection import KFold\n",
    "from cuml.metrics import log_loss\n",
    "from Bio import SeqIO\n",
    "from concurrent.futures import ThreadPoolExecutor\n",
    "from numba import cuda\n",
    "from functools import partial\n",
    "from itertools import product\n",
    "from scipy.stats import kruskal\n",
    "from scikit_posthocs import posthoc_dunn\n",
    "\n",
    "import random\n",
    "SEED = 87\n",
    "def seed_everything(SEED):\n",
    "    random.seed(SEED)\n",
    "    os.environ['PYTHONHASHSEED'] = str(SEED)\n",
    "    np.random.seed(SEED)\n",
    "    cp.random.seed(SEED)\n",
    "\n",
    " \n",
    "seed_everything(SEED)\n",
    "\n",
    "import warnings\n",
    "warnings.filterwarnings('ignore')"
   ]
  },
  {
   "cell_type": "code",
   "execution_count": 6,
   "id": "9f60b33e",
   "metadata": {
    "execution": {
     "iopub.execute_input": "2025-07-26T12:15:13.949161Z",
     "iopub.status.busy": "2025-07-26T12:15:13.948607Z",
     "iopub.status.idle": "2025-07-26T12:15:14.063132Z",
     "shell.execute_reply": "2025-07-26T12:15:14.062255Z"
    },
    "papermill": {
     "duration": 0.120449,
     "end_time": "2025-07-26T12:15:14.064580",
     "exception": false,
     "start_time": "2025-07-26T12:15:13.944131",
     "status": "completed"
    },
    "tags": []
   },
   "outputs": [
    {
     "name": "stdout",
     "output_type": "stream",
     "text": [
      "🟢 2 GPUs Detected: ['Tesla T4', 'Tesla T4']\n"
     ]
    }
   ],
   "source": [
    "# Check GPU Availability\n",
    "assert cuda.is_available(), \"❌ GPU not available!\"\n",
    "num_gpus = len(cuda.gpus)\n",
    "print(f\"🟢 {num_gpus} GPUs Detected: {[cuda.gpus[i].name.decode() for i in range(num_gpus)]}\")"
   ]
  },
  {
   "cell_type": "code",
   "execution_count": 7,
   "id": "c99e29cf",
   "metadata": {
    "execution": {
     "iopub.execute_input": "2025-07-26T12:15:14.079175Z",
     "iopub.status.busy": "2025-07-26T12:15:14.078900Z",
     "iopub.status.idle": "2025-07-26T12:15:14.097248Z",
     "shell.execute_reply": "2025-07-26T12:15:14.096443Z"
    },
    "papermill": {
     "duration": 0.027219,
     "end_time": "2025-07-26T12:15:14.098516",
     "exception": false,
     "start_time": "2025-07-26T12:15:14.071297",
     "status": "completed"
    },
    "tags": []
   },
   "outputs": [
    {
     "name": "stdout",
     "output_type": "stream",
     "text": [
      "Unique expanded motifs: ['ATTA', 'GGCA', 'GTGC', 'ACCT', 'TAGA', 'GAAT', 'CTCC', 'CTAT', 'TCCA', 'AGAT', 'AAAT', 'CACG', 'AGGT', 'TTCC', 'TCGC', 'CTGG', 'AGAA', 'ACCA', 'TGAC', 'TAGC', 'GATT', 'CCCC', 'TCAA', 'AATC', 'GCGT', 'GGAA', 'TTAC', 'GGCC', 'CGAA', 'CCGT', 'TCTA', 'ATAA', 'TAAT', 'TTCT', 'TAAC', 'AACA', 'AAAC', 'GTAA', 'TCAT', 'AGCG', 'ATCT', 'CTGA', 'GGAG', 'GCAC', 'GCCG', 'TGGT', 'GCGA', 'CGCG', 'CGCT', 'TGAT', 'CCTT', 'AAGT', 'CAGT', 'AGTG', 'CAAT', 'TGCC', 'ATAG', 'TAAG', 'GTTG', 'CTAC', 'TTGA', 'TTAT', 'GCTA', 'AAGG', 'ATTT', 'TCAG', 'CGGG', 'ACTC', 'CGTT', 'CCGC', 'TGTT', 'CCCG', 'GCGG', 'GTAG', 'CAAC', 'ACGC', 'GTCA', 'ACGG', 'ATGG', 'CACT', 'GACC', 'AGCC', 'GTTC', 'ACTT', 'TTCG', 'ATGA', 'TCCG', 'CTTA', 'AAGA', 'TAGG', 'ACTG', 'AACG', 'GTTA', 'GGGG', 'AGGA', 'GGCT', 'CCTA', 'CGGA', 'CCAT', 'GAAC', 'TGGA', 'GTTT', 'ATTC', 'CGTG', 'CCGA', 'TCCT', 'GAGT', 'TCGG', 'TCTT', 'CGGC', 'ATCA', 'CCAG', 'ATTG', 'GGTC']\n"
     ]
    }
   ],
   "source": [
    "# Define motifs\n",
    "\n",
    "MOTIFS = ['AGCG', 'TCCG', 'AATC', 'GTTG', 'CCTT', 'CAGT', 'ATCA', 'ATGG',\n",
    "          'GCGG', 'GGCC', 'ACCA', 'CGCG', 'CCAG', 'TAAC', 'TCTA', 'GCGA',\n",
    "          'TGCC', 'ATAA', 'GAAT', 'GTAA', 'TCTT', 'CCGT', 'GATT', 'GGCA',\n",
    "          'CTAT', 'TCAT', 'GGAG', 'AGGA', 'ACTC', 'TGGA', 'CACG', 'TCGC',\n",
    "          'GCTA', 'TAAT', 'AAAC', 'GACC', 'ATTG', 'GGCT', 'GGGG', 'TAAG',\n",
    "          'ATCT', 'TCCT', 'GTAG', 'TCGG', 'AGAA', 'AACA', 'GCAC', 'TTGA',\n",
    "          'CGTT', 'TCAG', 'GTTC', 'GCGT', 'CCCG', 'ACCT', 'GTCA', 'CCTA',\n",
    "          'CGAA', 'AAGT', 'TGAC', 'TTCC', 'TAGC', 'ATTT', 'CACT', 'CGGC' ] \n",
    "\n",
    "# Reverse complement strands\n",
    "def revcomp(seq):\n",
    "    comp = {'A': 'T', 'T': 'A', 'C': 'G', 'G': 'C'}\n",
    "    return ''.join([comp[base] for base in seq[::-1]])\n",
    "\n",
    "# Generate expanded motifs (forward + reverse complements) and remove duplicates\n",
    "expanded_motifs = list(set(MOTIFS + [revcomp(m) for m in MOTIFS]))\n",
    "\n",
    "print(\"Unique expanded motifs:\", expanded_motifs)\n",
    "\n",
    "def process_file_on_gpu(args, motifs=expanded_motifs):\n",
    "    \"\"\"\n",
    "    Process FASTQ file on GPU: extract specified features and body site-associated motifs.\n",
    "    \n",
    "    Parameters:\n",
    "    - args (tuple): (file_path, gpu_id) where file_path is a Path object and gpu_id is the GPU device ID.\n",
    "    - motifs (list): List of motif sequences to search for.\n",
    "    \n",
    "    Returns:\n",
    "    - dict: Features including num_reads, avg_read_len, gc_content, A, T, G, C, nt_entropy,\n",
    "            and motif features (e.g., motif_TTAATT, motif_CAGCAT, etc.).\n",
    "    \"\"\"\n",
    "    file_path, gpu_id = args\n",
    "    try:\n",
    "        cp.cuda.Device(gpu_id).use()\n",
    "        with open(file_path, 'r') as file:\n",
    "            lines = file.readlines()\n",
    "        seqs = [lines[i].strip().upper() for i in range(1, len(lines), 4) if i < len(lines)]\n",
    "        if not seqs:\n",
    "            return None\n",
    "\n",
    "        # Compute basic features\n",
    "        lengths = cp.asarray([len(s) for s in seqs], dtype=cp.int32)\n",
    "        gc_counts = cp.asarray([s.count('G') + s.count('C') for s in seqs], dtype=cp.int32)\n",
    "        a_counts = cp.asarray([s.count('A') for s in seqs], dtype=cp.int32)\n",
    "        t_counts = cp.asarray([s.count('T') for s in seqs], dtype=cp.int32)\n",
    "        g_counts = cp.asarray([s.count('G') for s in seqs], dtype=cp.int32)\n",
    "        c_counts = cp.asarray([s.count('C') for s in seqs], dtype=cp.int32)\n",
    "\n",
    "        total_len = lengths.sum()\n",
    "        num_reads = len(seqs)\n",
    "\n",
    "        # Nucleotide diversity (Shannon entropy)\n",
    "        nt_freqs = cp.array([a_counts.sum(), t_counts.sum(), g_counts.sum(), c_counts.sum()], dtype=cp.float32) / total_len\n",
    "        nt_entropy = -cp.sum(nt_freqs * cp.log2(nt_freqs + cp.finfo(cp.float32).eps))\n",
    "\n",
    "        # Motif counts\n",
    "        motif_counts = {motif: 0 for motif in motifs}\n",
    "        for seq in seqs:\n",
    "            for motif in motifs:\n",
    "                if motif in seq:\n",
    "                    motif_counts[motif] += seq.count(motif)\n",
    "        motif_features = {f\"motif_{motif}\": float(motif_counts[motif] / num_reads) if num_reads > 0 else 0\n",
    "                         for motif in motifs}\n",
    "\n",
    "        return {\n",
    "            'filename': file_path.name,\n",
    "            'num_reads': int(num_reads),\n",
    "            'avg_read_len': float(lengths.mean()),\n",
    "            'gc_content': float(gc_counts.sum() / total_len),\n",
    "            'A': float(a_counts.sum() / total_len),\n",
    "            'T': float(t_counts.sum() / total_len),\n",
    "            'G': float(g_counts.sum() / total_len),\n",
    "            'C': float(c_counts.sum() / total_len),\n",
    "            'nt_entropy': float(nt_entropy),\n",
    "            **motif_features\n",
    "        }\n",
    "    except Exception as e:\n",
    "        print(f\"Error on {file_path.name} (GPU {gpu_id}): {str(e)}\")\n",
    "        return None\n"
   ]
  },
  {
   "cell_type": "code",
   "execution_count": 8,
   "id": "9d65e6c9",
   "metadata": {
    "execution": {
     "iopub.execute_input": "2025-07-26T12:15:14.112552Z",
     "iopub.status.busy": "2025-07-26T12:15:14.112320Z",
     "iopub.status.idle": "2025-07-26T12:15:14.117126Z",
     "shell.execute_reply": "2025-07-26T12:15:14.116421Z"
    },
    "papermill": {
     "duration": 0.013463,
     "end_time": "2025-07-26T12:15:14.118586",
     "exception": false,
     "start_time": "2025-07-26T12:15:14.105123",
     "status": "completed"
    },
    "tags": []
   },
   "outputs": [],
   "source": [
    "def parallel_extract_features(path, num_workers=num_gpus):\n",
    "    \"\"\"Parallel feature extraction using available GPUs\"\"\"\n",
    "    files = list(Path(path).glob('*.fastq'))\n",
    "    print(f\"🔍 Found {len(files)} FASTQ files in {path}\")\n",
    "\n",
    "    # Create partial function to include k and motifs\n",
    "    process_func = partial(process_file_on_gpu, motifs=expanded_motifs)\n",
    "\n",
    "    with ThreadPoolExecutor(max_workers=num_workers) as executor:\n",
    "        args = [(f, i % num_gpus) for i, f in enumerate(files)]\n",
    "        results = list(executor.map(process_func, args))\n",
    "\n",
    "    features = [r for r in results if r is not None]\n",
    "    return cudf.DataFrame(features)"
   ]
  },
  {
   "cell_type": "code",
   "execution_count": 9,
   "id": "342a6e7a",
   "metadata": {
    "execution": {
     "iopub.execute_input": "2025-07-26T12:15:14.132750Z",
     "iopub.status.busy": "2025-07-26T12:15:14.132509Z",
     "iopub.status.idle": "2025-07-26T20:18:35.607259Z",
     "shell.execute_reply": "2025-07-26T20:18:35.606219Z"
    },
    "papermill": {
     "duration": 29001.483797,
     "end_time": "2025-07-26T20:18:35.609055",
     "exception": false,
     "start_time": "2025-07-26T12:15:14.125258",
     "status": "completed"
    },
    "tags": []
   },
   "outputs": [
    {
     "name": "stdout",
     "output_type": "stream",
     "text": [
      "🚀 Loading training data...\n",
      "🔍 Found 1795 FASTQ files in /kaggle/input/mpeg-g-microbiomeclassificationconvertedfastqfiles/TrainFiles/TrainFiles\n",
      "🔍 Found 1106 FASTQ files in /kaggle/input/secondbatchoffastqfiles/TrainFiles\n"
     ]
    }
   ],
   "source": [
    "# === MAIN EXECUTION ===\n",
    "print(\"🚀 Loading training data...\")\n",
    "\n",
    "train_dirs = [\n",
    "    \"/kaggle/input/mpeg-g-microbiomeclassificationconvertedfastqfiles/TrainFiles/TrainFiles\",\n",
    "    \"/kaggle/input/secondbatchoffastqfiles/TrainFiles\"\n",
    "]\n",
    "\n",
    "df_train = cudf.DataFrame()\n",
    "for folder in train_dirs:\n",
    "    df_part = parallel_extract_features(folder)\n",
    "    df_train = cudf.concat([df_train, df_part], ignore_index=True)\n",
    "\n",
    "train_labels = cudf.read_csv(\"/kaggle/input/extrafiles/Train.csv\")\n",
    "train_labels['fastq_filename'] = train_labels['filename'].str.replace('.mgb', '.fastq')\n",
    "df_train = df_train.merge(\n",
    "    train_labels[['fastq_filename', 'SampleType']],\n",
    "    left_on='filename',\n",
    "    right_on='fastq_filename'\n",
    ")"
   ]
  },
  {
   "cell_type": "code",
   "execution_count": 10,
   "id": "103f4119",
   "metadata": {
    "execution": {
     "iopub.execute_input": "2025-07-26T20:18:35.626007Z",
     "iopub.status.busy": "2025-07-26T20:18:35.625806Z",
     "iopub.status.idle": "2025-07-26T20:18:35.629401Z",
     "shell.execute_reply": "2025-07-26T20:18:35.628783Z"
    },
    "papermill": {
     "duration": 0.011644,
     "end_time": "2025-07-26T20:18:35.630385",
     "exception": false,
     "start_time": "2025-07-26T20:18:35.618741",
     "status": "completed"
    },
    "tags": []
   },
   "outputs": [],
   "source": [
    "# from scipy.stats import kruskal\n",
    "# motif_p_values = {}\n",
    "# for motif in expanded_motifs:\n",
    "#     site_groups = [df_train[df_train['SampleType'].str.contains(site)][f'motif_{motif}'].to_pandas()\n",
    "#                    for site in ['Nasal', 'Mouth', 'Stool', 'Skin']]\n",
    "#     stat, p = kruskal(*site_groups)\n",
    "#     motif_p_values[motif] = p\n",
    "# print(\"Motif p-values:\", sorted(motif_p_values.items(), key=lambda x: x[1]))"
   ]
  },
  {
   "cell_type": "code",
   "execution_count": 11,
   "id": "55361631",
   "metadata": {
    "execution": {
     "iopub.execute_input": "2025-07-26T20:18:35.638610Z",
     "iopub.status.busy": "2025-07-26T20:18:35.638401Z",
     "iopub.status.idle": "2025-07-26T20:18:39.591432Z",
     "shell.execute_reply": "2025-07-26T20:18:39.590586Z"
    },
    "papermill": {
     "duration": 3.959731,
     "end_time": "2025-07-26T20:18:39.593895",
     "exception": false,
     "start_time": "2025-07-26T20:18:35.634164",
     "status": "completed"
    },
    "tags": []
   },
   "outputs": [
    {
     "name": "stdout",
     "output_type": "stream",
     "text": [
      "\n",
      "Motif: ATTA, Kruskal p = 0.000e+00\n",
      "Pairwise differences (Dunn's test):\n",
      "               1              2              3              4\n",
      "1   1.000000e+00   1.821982e-28   3.898211e-89  1.868233e-133\n",
      "2   1.821982e-28   1.000000e+00  7.539738e-206   2.922174e-32\n",
      "3   3.898211e-89  7.539738e-206   1.000000e+00   0.000000e+00\n",
      "4  1.868233e-133   2.922174e-32   0.000000e+00   1.000000e+00\n",
      "\n",
      "Motif: GGCA, Kruskal p = 0.000e+00\n",
      "Pairwise differences (Dunn's test):\n",
      "               1              2              3              4\n",
      "1   1.000000e+00   6.590594e-76   1.861360e-59  3.240945e-177\n",
      "2   6.590594e-76   1.000000e+00  3.026466e-262   3.211988e-15\n",
      "3   1.861360e-59  3.026466e-262   1.000000e+00   0.000000e+00\n",
      "4  3.240945e-177   3.211988e-15   0.000000e+00   1.000000e+00\n",
      "\n",
      "Motif: GTGC, Kruskal p = 0.000e+00\n",
      "Pairwise differences (Dunn's test):\n",
      "               1             2              3              4\n",
      "1   1.000000e+00  0.000000e+00  2.806144e-183  1.345854e-116\n",
      "2   0.000000e+00  1.000000e+00   5.451370e-52   1.303055e-93\n",
      "3  2.806144e-183  5.451370e-52   1.000000e+00   2.274444e-08\n",
      "4  1.345854e-116  1.303055e-93   2.274444e-08   1.000000e+00\n",
      "\n",
      "Motif: ACCT, Kruskal p = 0.000e+00\n",
      "Pairwise differences (Dunn's test):\n",
      "               1              2              3              4\n",
      "1   1.000000e+00   6.795252e-56   1.212345e-23  4.609813e-230\n",
      "2   6.795252e-56   1.000000e+00  1.407896e-148   1.025240e-47\n",
      "3   1.212345e-23  1.407896e-148   1.000000e+00   0.000000e+00\n",
      "4  4.609813e-230   1.025240e-47   0.000000e+00   1.000000e+00\n",
      "\n",
      "Motif: TAGA, Kruskal p = 0.000e+00\n",
      "Pairwise differences (Dunn's test):\n",
      "               1              2             3              4\n",
      "1   1.000000e+00   1.000000e+00  1.158753e-70  4.361659e-131\n",
      "2   1.000000e+00   1.000000e+00  2.279615e-70  1.875334e-110\n",
      "3   1.158753e-70   2.279615e-70  1.000000e+00   0.000000e+00\n",
      "4  4.361659e-131  1.875334e-110  0.000000e+00   1.000000e+00\n",
      "\n",
      "Motif: GAAT, Kruskal p = 0.000e+00\n",
      "Pairwise differences (Dunn's test):\n",
      "               1              2              3              4\n",
      "1   1.000000e+00   1.680178e-88   1.283160e-40  2.334626e-187\n",
      "2   1.680178e-88   1.000000e+00  2.201346e-244   1.299197e-12\n",
      "3   1.283160e-40  2.201346e-244   1.000000e+00   0.000000e+00\n",
      "4  2.334626e-187   1.299197e-12   0.000000e+00   1.000000e+00\n",
      "\n",
      "Motif: CTAT, Kruskal p = 0.000e+00\n",
      "Pairwise differences (Dunn's test):\n",
      "               1              2              3              4\n",
      "1   1.000000e+00  4.064110e-244   5.645304e-53   0.000000e+00\n",
      "2  4.064110e-244   1.000000e+00   6.616376e-86   2.301438e-14\n",
      "3   5.645304e-53   6.616376e-86   1.000000e+00  3.272526e-195\n",
      "4   0.000000e+00   2.301438e-14  3.272526e-195   1.000000e+00\n",
      "\n",
      "Motif: TCCA, Kruskal p = 0.000e+00\n",
      "Pairwise differences (Dunn's test):\n",
      "               1              2              3              4\n",
      "1   1.000000e+00   9.255864e-13  1.239532e-282  7.367751e-221\n",
      "2   9.255864e-13   1.000000e+00  3.920609e-155  4.062087e-113\n",
      "3  1.239532e-282  3.920609e-155   1.000000e+00   2.732510e-04\n",
      "4  7.367751e-221  4.062087e-113   2.732510e-04   1.000000e+00\n",
      "\n",
      "Motif: AGAT, Kruskal p = 0.000e+00\n",
      "Pairwise differences (Dunn's test):\n",
      "               1              2              3              4\n",
      "1   1.000000e+00   1.345313e-62   8.760214e-59  5.015346e-196\n",
      "2   1.345313e-62   1.000000e+00  7.634466e-235   9.650713e-29\n",
      "3   8.760214e-59  7.634466e-235   1.000000e+00   0.000000e+00\n",
      "4  5.015346e-196   9.650713e-29   0.000000e+00   1.000000e+00\n",
      "\n",
      "Motif: AAAT, Kruskal p = 0.000e+00\n",
      "Pairwise differences (Dunn's test):\n",
      "               1              2              3              4\n",
      "1   1.000000e+00  2.806264e-174  3.427142e-158   1.000000e+00\n",
      "2  2.806264e-174   1.000000e+00   2.784541e-03  2.002456e-191\n",
      "3  3.427142e-158   2.784541e-03   1.000000e+00  2.676431e-176\n",
      "4   1.000000e+00  2.002456e-191  2.676431e-176   1.000000e+00\n"
     ]
    }
   ],
   "source": [
    "motif_p_values = {}\n",
    "motif_pairwise = {}  # Store pairwise p-values\n",
    "\n",
    "for motif in expanded_motifs:\n",
    "    # Group data by sample type\n",
    "    groups = {\n",
    "        site: df_train[df_train['SampleType'].str.contains(site)][f'motif_{motif}'].to_pandas()\n",
    "        for site in ['Nasal', 'Mouth', 'Stool', 'Skin']\n",
    "    }\n",
    "    group_data = list(groups.values())\n",
    "    \n",
    "    # Kruskal-Wallis test\n",
    "    stat, p = kruskal(*group_data)\n",
    "    motif_p_values[motif] = p\n",
    "    \n",
    "    # Dunn's test (if KW p < 0.05)\n",
    "    if p < 0.05:\n",
    "        dunn_results = posthoc_dunn(group_data, p_adjust='bonferroni')\n",
    "        motif_pairwise[motif] = dunn_results\n",
    "\n",
    "# Print top significant motifs with pairwise comparisons\n",
    "top_motifs = sorted(motif_p_values.items(), key=lambda x: x[1])[:10]\n",
    "for motif, p in top_motifs:\n",
    "    print(f\"\\nMotif: {motif}, Kruskal p = {p:.3e}\")\n",
    "    if p < 0.05 and motif in motif_pairwise:\n",
    "        print(\"Pairwise differences (Dunn's test):\")\n",
    "        print(motif_pairwise[motif])"
   ]
  },
  {
   "cell_type": "code",
   "execution_count": 12,
   "id": "61d19674",
   "metadata": {
    "execution": {
     "iopub.execute_input": "2025-07-26T20:18:39.676436Z",
     "iopub.status.busy": "2025-07-26T20:18:39.676153Z",
     "iopub.status.idle": "2025-07-26T20:18:40.180773Z",
     "shell.execute_reply": "2025-07-26T20:18:40.179945Z"
    },
    "papermill": {
     "duration": 0.510403,
     "end_time": "2025-07-26T20:18:40.181839",
     "exception": false,
     "start_time": "2025-07-26T20:18:39.671436",
     "status": "completed"
    },
    "tags": []
   },
   "outputs": [
    {
     "name": "stdout",
     "output_type": "stream",
     "text": [
      "\n",
      "Motif: ATTA\n",
      "Nasal: Median = 0.65, Mean = 0.71\n",
      "Mouth: Median = 0.36, Mean = 0.35\n",
      "Stool: Median = 1.85, Mean = 1.88\n",
      "Skin: Median = 0.16, Mean = 0.19\n",
      "\n",
      "Motif: GGCA\n",
      "Nasal: Median = 1.50, Mean = 1.59\n",
      "Mouth: Median = 0.25, Mean = 0.25\n",
      "Stool: Median = 2.58, Mean = 2.56\n",
      "Skin: Median = 0.12, Mean = 0.16\n",
      "\n",
      "Motif: GTGC\n",
      "Nasal: Median = 1.26, Mean = 1.30\n",
      "Mouth: Median = 0.34, Mean = 0.34\n",
      "Stool: Median = 0.55, Mean = 0.59\n",
      "Skin: Median = 0.73, Mean = 0.69\n",
      "\n",
      "Motif: ACCT\n",
      "Nasal: Median = 1.08, Mean = 1.20\n",
      "Mouth: Median = 0.47, Mean = 0.47\n",
      "Stool: Median = 1.51, Mean = 1.51\n",
      "Skin: Median = 0.08, Mean = 0.14\n",
      "\n",
      "Motif: TAGA\n",
      "Nasal: Median = 0.36, Mean = 0.43\n",
      "Mouth: Median = 0.39, Mean = 0.38\n",
      "Stool: Median = 0.70, Mean = 0.71\n",
      "Skin: Median = 0.04, Mean = 0.08\n",
      "\n",
      "Motif: GAAT\n",
      "Nasal: Median = 1.10, Mean = 1.14\n",
      "Mouth: Median = 0.83, Mean = 0.83\n",
      "Stool: Median = 1.34, Mean = 1.38\n",
      "Skin: Median = 0.68, Mean = 0.72\n",
      "\n",
      "Motif: CTAT\n",
      "Nasal: Median = 0.79, Mean = 0.77\n",
      "Mouth: Median = 0.09, Mean = 0.09\n",
      "Stool: Median = 0.38, Mean = 0.41\n",
      "Skin: Median = 0.02, Mean = 0.06\n",
      "\n",
      "Motif: TCCA\n",
      "Nasal: Median = 0.39, Mean = 0.47\n",
      "Mouth: Median = 0.65, Mean = 0.66\n",
      "Stool: Median = 1.44, Mean = 1.43\n",
      "Skin: Median = 1.31, Mean = 1.24\n",
      "\n",
      "Motif: AGAT\n",
      "Nasal: Median = 1.03, Mean = 1.04\n",
      "Mouth: Median = 0.13, Mean = 0.14\n",
      "Stool: Median = 1.75, Mean = 1.73\n",
      "Skin: Median = 0.02, Mean = 0.05\n",
      "\n",
      "Motif: AAAT\n",
      "Nasal: Median = 0.06, Mean = 0.09\n",
      "Mouth: Median = 0.32, Mean = 0.31\n",
      "Stool: Median = 0.28, Mean = 0.29\n",
      "Skin: Median = 0.05, Mean = 0.09\n"
     ]
    }
   ],
   "source": [
    "for motif, p in top_motifs:\n",
    "    print(f\"\\nMotif: {motif}\")\n",
    "    for site in ['Nasal', 'Mouth', 'Stool', 'Skin']:\n",
    "        data = df_train[df_train['SampleType'].str.contains(site)][f'motif_{motif}']\n",
    "        print(f\"{site}: Median = {data.median():.2f}, Mean = {data.mean():.2f}\")"
   ]
  },
  {
   "cell_type": "code",
   "execution_count": 13,
   "id": "36e26f17",
   "metadata": {
    "execution": {
     "iopub.execute_input": "2025-07-26T20:18:40.191203Z",
     "iopub.status.busy": "2025-07-26T20:18:40.191015Z",
     "iopub.status.idle": "2025-07-26T20:18:40.284438Z",
     "shell.execute_reply": "2025-07-26T20:18:40.283739Z"
    },
    "papermill": {
     "duration": 0.099556,
     "end_time": "2025-07-26T20:18:40.285847",
     "exception": false,
     "start_time": "2025-07-26T20:18:40.186291",
     "status": "completed"
    },
    "tags": []
   },
   "outputs": [],
   "source": [
    "# Encode labels\n",
    "le = LabelEncoder()\n",
    "df_train['label'] = le.fit_transform(df_train['SampleType'])\n",
    "\n",
    "\n",
    "# Define feature columns\n",
    "motif_features = [f'motif_{motif}' for motif in expanded_motifs]\n",
    "feature_columns = ['num_reads', 'avg_read_len', 'gc_content', 'A', 'T', 'G', 'C', \n",
    "                   'nt_entropy'] + motif_features\n",
    "\n",
    "# Features + Labels\n",
    "X = df_train[feature_columns]\n",
    "y = df_train['label']"
   ]
  },
  {
   "cell_type": "code",
   "execution_count": 14,
   "id": "002b0775",
   "metadata": {
    "execution": {
     "iopub.execute_input": "2025-07-26T20:18:40.295187Z",
     "iopub.status.busy": "2025-07-26T20:18:40.294979Z",
     "iopub.status.idle": "2025-07-26T20:18:40.301681Z",
     "shell.execute_reply": "2025-07-26T20:18:40.301098Z"
    },
    "papermill": {
     "duration": 0.01246,
     "end_time": "2025-07-26T20:18:40.302714",
     "exception": false,
     "start_time": "2025-07-26T20:18:40.290254",
     "status": "completed"
    },
    "tags": []
   },
   "outputs": [
    {
     "name": "stdout",
     "output_type": "stream",
     "text": [
      "🔥 Preparing folds...\n"
     ]
    }
   ],
   "source": [
    "# XGBoost params\n",
    "params = {\n",
    "    'objective': 'multi:softprob',\n",
    "    'eval_metric': 'mlogloss',\n",
    "    'num_class': len(le.classes_),\n",
    "    'tree_method': 'gpu_hist',\n",
    "    'predictor': 'gpu_predictor',\n",
    "    'learning_rate': 0.1,\n",
    "    'max_depth': 20,\n",
    "    'subsample': 0.9,\n",
    "    'colsample_bytree': 0.9,\n",
    "    'reg_alpha': 0.1,\n",
    "    'reg_lambda': 0.1,\n",
    "    'random_state': 70\n",
    "}\n",
    "\n",
    "# K-Fold Training\n",
    "print(\"🔥 Preparing folds...\")\n",
    "kfold = KFold(n_splits=10, shuffle=True, random_state=SEED)\n",
    "oof_preds = cp.zeros((len(X), len(le.classes_)), dtype=cp.float32)\n",
    "models = []"
   ]
  },
  {
   "cell_type": "code",
   "execution_count": 15,
   "id": "faac4f1b",
   "metadata": {
    "execution": {
     "iopub.execute_input": "2025-07-26T20:18:40.312339Z",
     "iopub.status.busy": "2025-07-26T20:18:40.312127Z",
     "iopub.status.idle": "2025-07-26T20:18:54.074595Z",
     "shell.execute_reply": "2025-07-26T20:18:54.073975Z"
    },
    "papermill": {
     "duration": 13.76911,
     "end_time": "2025-07-26T20:18:54.076050",
     "exception": false,
     "start_time": "2025-07-26T20:18:40.306940",
     "status": "completed"
    },
    "tags": []
   },
   "outputs": [
    {
     "name": "stdout",
     "output_type": "stream",
     "text": [
      "\n",
      "🌀 Fold 1\n",
      "[0]\ttrain-mlogloss:1.19561\tval-mlogloss:1.20040\n",
      "[100]\ttrain-mlogloss:0.00148\tval-mlogloss:0.02531\n",
      "[187]\ttrain-mlogloss:0.00108\tval-mlogloss:0.02466\n",
      "\n",
      "🌀 Fold 2\n",
      "[0]\ttrain-mlogloss:1.19587\tval-mlogloss:1.19675\n",
      "[100]\ttrain-mlogloss:0.00150\tval-mlogloss:0.02305\n",
      "[121]\ttrain-mlogloss:0.00127\tval-mlogloss:0.02302\n",
      "\n",
      "🌀 Fold 3\n",
      "[0]\ttrain-mlogloss:1.19521\tval-mlogloss:1.20223\n",
      "[100]\ttrain-mlogloss:0.00137\tval-mlogloss:0.08577\n",
      "[104]\ttrain-mlogloss:0.00130\tval-mlogloss:0.08610\n",
      "\n",
      "🌀 Fold 4\n",
      "[0]\ttrain-mlogloss:1.19605\tval-mlogloss:1.20005\n",
      "[100]\ttrain-mlogloss:0.00146\tval-mlogloss:0.00599\n",
      "[200]\ttrain-mlogloss:0.00106\tval-mlogloss:0.00534\n",
      "[254]\ttrain-mlogloss:0.00100\tval-mlogloss:0.00532\n",
      "\n",
      "🌀 Fold 5\n",
      "[0]\ttrain-mlogloss:1.19584\tval-mlogloss:1.19776\n",
      "[100]\ttrain-mlogloss:0.00145\tval-mlogloss:0.01860\n",
      "[115]\ttrain-mlogloss:0.00129\tval-mlogloss:0.01840\n",
      "\n",
      "🌀 Fold 6\n",
      "[0]\ttrain-mlogloss:1.19540\tval-mlogloss:1.19881\n",
      "[100]\ttrain-mlogloss:0.00144\tval-mlogloss:0.02961\n",
      "[200]\ttrain-mlogloss:0.00104\tval-mlogloss:0.02888\n",
      "[300]\ttrain-mlogloss:0.00094\tval-mlogloss:0.02866\n",
      "[346]\ttrain-mlogloss:0.00092\tval-mlogloss:0.02861\n",
      "\n",
      "🌀 Fold 7\n",
      "[0]\ttrain-mlogloss:1.19555\tval-mlogloss:1.19734\n",
      "[100]\ttrain-mlogloss:0.00147\tval-mlogloss:0.02436\n",
      "[143]\ttrain-mlogloss:0.00117\tval-mlogloss:0.02439\n",
      "\n",
      "🌀 Fold 8\n",
      "[0]\ttrain-mlogloss:1.19550\tval-mlogloss:1.19889\n",
      "[100]\ttrain-mlogloss:0.00148\tval-mlogloss:0.03750\n",
      "[181]\ttrain-mlogloss:0.00109\tval-mlogloss:0.03626\n",
      "\n",
      "🌀 Fold 9\n",
      "[0]\ttrain-mlogloss:1.19587\tval-mlogloss:1.19811\n",
      "[100]\ttrain-mlogloss:0.00140\tval-mlogloss:0.06019\n",
      "[101]\ttrain-mlogloss:0.00138\tval-mlogloss:0.06023\n",
      "\n",
      "🌀 Fold 10\n",
      "[0]\ttrain-mlogloss:1.19587\tval-mlogloss:1.19619\n",
      "[100]\ttrain-mlogloss:0.00146\tval-mlogloss:0.01111\n",
      "[154]\ttrain-mlogloss:0.00113\tval-mlogloss:0.01143\n"
     ]
    }
   ],
   "source": [
    "for fold, (train_idx, val_idx) in enumerate(kfold.split(X, y)):\n",
    "    print(f\"\\n🌀 Fold {fold + 1}\")\n",
    "    X_train, X_val = X.iloc[train_idx], X.iloc[val_idx]\n",
    "    y_train, y_val = y.iloc[train_idx], y.iloc[val_idx]\n",
    "\n",
    "    dtrain = xgb.DMatrix(X_train, label=y_train)\n",
    "    dval = xgb.DMatrix(X_val, label=y_val)\n",
    "\n",
    "    model = xgb.train(\n",
    "        params, dtrain,\n",
    "        num_boost_round=7000,\n",
    "        evals=[(dtrain, 'train'), (dval, 'val')],\n",
    "        early_stopping_rounds=50,\n",
    "        verbose_eval=100\n",
    "    )\n",
    "\n",
    "    models.append(model)\n",
    "    oof_preds[val_idx] = model.predict(dval)\n",
    "\n",
    "    # Free memory\n",
    "    cp.get_default_memory_pool().free_all_blocks()\n",
    "    gc.collect()"
   ]
  },
  {
   "cell_type": "code",
   "execution_count": 16,
   "id": "8f1771ed",
   "metadata": {
    "execution": {
     "iopub.execute_input": "2025-07-26T20:18:54.089542Z",
     "iopub.status.busy": "2025-07-26T20:18:54.088896Z",
     "iopub.status.idle": "2025-07-26T22:31:28.062668Z",
     "shell.execute_reply": "2025-07-26T22:31:28.061905Z"
    },
    "papermill": {
     "duration": 7953.982125,
     "end_time": "2025-07-26T22:31:28.064697",
     "exception": false,
     "start_time": "2025-07-26T20:18:54.082572",
     "status": "completed"
    },
    "tags": []
   },
   "outputs": [
    {
     "name": "stdout",
     "output_type": "stream",
     "text": [
      "\n",
      "📊 OOF Log Loss: 0.03185\n",
      "\n",
      "⚡ Extracting test features...\n",
      "🔍 Found 1068 FASTQ files in /kaggle/input/mpeg-g-microbiomeclassificationconvertedfastqfiles/TestFiles/TestFiles\n"
     ]
    }
   ],
   "source": [
    "# Log Loss\n",
    "oof_loss = log_loss(\n",
    "    y.astype(np.int32).to_numpy(),\n",
    "    oof_preds.astype(np.float32).get()\n",
    ")\n",
    "print(f\"\\n📊 OOF Log Loss: {oof_loss:.5f}\")\n",
    "\n",
    "# === TEST PROCESSING ===\n",
    "print(\"\\n⚡ Extracting test features...\")\n",
    "test_dir = \"/kaggle/input/mpeg-g-microbiomeclassificationconvertedfastqfiles/TestFiles/TestFiles\"\n",
    "df_test = parallel_extract_features(test_dir)\n",
    "X_test = df_test[feature_columns]"
   ]
  },
  {
   "cell_type": "code",
   "execution_count": 17,
   "id": "24999cc9",
   "metadata": {
    "execution": {
     "iopub.execute_input": "2025-07-26T22:31:28.079205Z",
     "iopub.status.busy": "2025-07-26T22:31:28.078993Z",
     "iopub.status.idle": "2025-07-26T22:31:28.905912Z",
     "shell.execute_reply": "2025-07-26T22:31:28.905343Z"
    },
    "papermill": {
     "duration": 0.835303,
     "end_time": "2025-07-26T22:31:28.907231",
     "exception": false,
     "start_time": "2025-07-26T22:31:28.071928",
     "status": "completed"
    },
    "tags": []
   },
   "outputs": [
    {
     "name": "stdout",
     "output_type": "stream",
     "text": [
      "\n",
      "🔮 Predicting test set...\n"
     ]
    }
   ],
